precision:	0.2	0.2	0.2	0.2	0.16	0.133333333333333	0.128571428571429	0.1375	0.122222222222222	0.11	0.109090909090909	0.108333333333333	0.1	0.0928571428571428	0.0866666666666667	0.08125	

MAP:	0.184107824285436

NDCG:	0.2	0.2	0.223981246656813	0.23612121135204	0.21966116224605	0.207937283350992	0.209006879352113	0.218437421905135	0.214367107172239	0.210938746384249	0.21422961953297	0.219261457899605	0.219261457899605	0.219261457899605	0.219261457899605	0.219261457899605	