precision:	0.1	0.2	0.166666666666667	0.175	0.16	0.15	0.171428571428571	0.1625	0.144444444444444	0.13	0.118181818181818	0.108333333333333	0.1	0.1	0.1	0.1	

MAP:	0.18266130529214

NDCG:	0.1	0.2	0.2	0.219004688335797	0.219004688335797	0.219004688335797	0.237280903743007	0.238858252063418	0.23432051989923	0.230498460908956	0.227218994259921	0.227218994259921	0.227218994259921	0.234593462745627	0.241780052233998	0.248799356955652	