precision:	0.2	0.2	0.166666666666667	0.15	0.16	0.133333333333333	0.142857142857143	0.125	0.122222222222222	0.13	0.118181818181818	0.108333333333333	0.1	0.1	0.0933333333333333	0.09375	

MAP:	0.184282727693903

NDCG:	0.2	0.2	0.2	0.2	0.216369747519437	0.206572183568861	0.217384230157512	0.210843107363606	0.213638318208275	0.224444764530991	0.22125046625365	0.22125046625365	0.22125046625365	0.225988388570681	0.225988388570681	0.233007693292335	