precision:	0.1	0.2	0.2	0.175	0.16	0.166666666666667	0.157142857142857	0.15	0.144444444444444	0.13	0.118181818181818	0.116666666666667	0.115384615384615	0.114285714285714	0.106666666666667	0.1	

MAP:	0.186298875045922

NDCG:	0.1	0.2	0.223981246656813	0.223981246656813	0.223981246656813	0.233778810607389	0.23469447009578	0.234643304626978	0.238994357604546	0.235198753696379	0.231941986477073	0.239773928618996	0.247361464432367	0.254735932918074	0.254735932918074	0.254735932918074	