precision:	0.1	0.2	0.166666666666667	0.125	0.16	0.133333333333333	0.157142857142857	0.15	0.144444444444444	0.13	0.118181818181818	0.108333333333333	0.1	0.0928571428571428	0.1	0.1	

MAP:	0.178547926054473

NDCG:	0.1	0.2	0.2	0.18403030283801	0.21442333806649	0.204816474826807	0.224048712948719	0.22421561979885	0.2286725344199	0.224966096075401	0.221785836176635	0.221785836176635	0.221785836176635	0.221785836176635	0.234491141592445	0.241510446314099	