precision:	0.2	0.2	0.166666666666667	0.15	0.16	0.133333333333333	0.142857142857143	0.125	0.144444444444444	0.13	0.118181818181818	0.108333333333333	0.1	0.0928571428571428	0.0933333333333333	0.1	

MAP:	0.184570268960206

NDCG:	0.2	0.2	0.2	0.2	0.216369747519437	0.206572183568861	0.217384230157512	0.210843107363606	0.228864265041942	0.225124770781691	0.221916147696082	0.221916147696082	0.221916147696082	0.221916147696082	0.226533362182291	0.238942921743132	