precision:	0.1	0.2	0.166666666666667	0.175	0.16	0.166666666666667	0.157142857142857	0.15	0.144444444444444	0.13	0.118181818181818	0.108333333333333	0.107692307692308	0.107142857142857	0.106666666666667	0.1	

MAP:	0.182975983194951

NDCG:	0.1	0.2	0.2	0.219004688335797	0.219004688335797	0.228802252286372	0.229717911774764	0.229666746305961	0.23401779928353	0.230222195375363	0.226965428156056	0.226965428156056	0.234552963969427	0.241927432455134	0.249114021943504	0.249114021943504	