precision:	0.2	0.25	0.2	0.175	0.18	0.166666666666667	0.157142857142857	0.1375	0.144444444444444	0.13	0.118181818181818	0.116666666666667	0.115384615384615	0.114285714285714	0.106666666666667	0.1	

MAP:	0.194774160481891

NDCG:	0.2	0.25	0.238009376671593	0.235769126790743	0.246435912740684	0.244235902471229	0.244286247202709	0.236358713642096	0.247029265675591	0.242827474323935	0.239222183395923	0.247054125537847	0.254641661351217	0.262016129836924	0.262016129836924	0.262016129836924	