precision:	0.2	0.2	0.2	0.2	0.16	0.133333333333333	0.142857142857143	0.125	0.122222222222222	0.12	0.109090909090909	0.1	0.0923076923076923	0.0857142857142857	0.0866666666666667	0.08125	

MAP:	0.185158562488617

NDCG:	0.2	0.2	0.223981246656813	0.23612121135204	0.21966116224605	0.207937283350992	0.217281787597906	0.20957153254693	0.214327185465381	0.216601369692051	0.213338276597095	0.213338276597095	0.213338276597095	0.213338276597095	0.218856992524536	0.218856992524536	