precision:	0.2	0.2	0.2	0.2	0.16	0.133333333333333	0.128571428571429	0.1125	0.133333333333333	0.13	0.118181818181818	0.108333333333333	0.1	0.1	0.106666666666667	0.10625	

MAP:	0.187828045247098

NDCG:	0.2	0.2	0.223981246656813	0.23612121135204	0.21966116224605	0.207937283350992	0.209006879352113	0.20189134249068	0.225495307488089	0.227816612815358	0.224593951351174	0.224593951351174	0.224593951351174	0.231968419836881	0.244673725252692	0.251693029974346	