precision:	0.2	0.2	0.2	0.2	0.16	0.133333333333333	0.157142857142857	0.1375	0.144444444444444	0.13	0.118181818181818	0.108333333333333	0.107692307692308	0.107142857142857	0.106666666666667	0.1	

MAP:	0.19014545999881

NDCG:	0.2	0.2	0.223981246656813	0.23612121135204	0.21966116224605	0.207937283350992	0.230821000745823	0.223110745694847	0.234234969050413	0.23041529777381	0.227137879870588	0.227137879870588	0.234725415683958	0.242099884169665	0.249286473658036	0.249286473658036	