precision:	0.2	0.2	0.2	0.2	0.16	0.133333333333333	0.142857142857143	0.125	0.144444444444444	0.13	0.118181818181818	0.108333333333333	0.107692307692308	0.107142857142857	0.106666666666667	0.10625	

MAP:	0.189533072183116

NDCG:	0.2	0.2	0.223981246656813	0.23612121135204	0.21966116224605	0.207937283350992	0.217281787597906	0.20957153254693	0.232686379230902	0.228866707954299	0.225589290051077	0.225589290051077	0.233176825864447	0.240551294350154	0.247737883838525	0.253128138677712	