precision:	0.2	0.2	0.166666666666667	0.175	0.16	0.133333333333333	0.142857142857143	0.125	0.122222222222222	0.13	0.118181818181818	0.108333333333333	0.1	0.1	0.0933333333333333	0.09375	

MAP:	0.186003309286736

NDCG:	0.2	0.2	0.2	0.219004688335797	0.219004688335797	0.209207124385221	0.220019170973871	0.213478048179966	0.216273259024635	0.227079705347351	0.223885407070009	0.223885407070009	0.223885407070009	0.228623329387041	0.228623329387041	0.235642634108695	