precision:	0.3	0.2	0.133333333333333	0.1	0.1	0.0833333333333333	0.0714285714285714	0.0625	0.0666666666666667	0.06	0.0545454545454545	0.05	0.0461538461538462	0.0428571428571429	0.0466666666666667	0.04375	

MAP:	0.12556756428989

NDCG:	0.3	0.2	0.152037506686374	0.139897541991147	0.148542938635853	0.145792055159894	0.14369632414264	0.14202673910599	0.150884115502541	0.150884115502541	0.150884115502541	0.150884115502541	0.150884115502541	0.150884115502541	0.163682016743032	0.163682016743032	