precision:	0.2	0.15	0.166666666666667	0.15	0.14	0.133333333333333	0.128571428571429	0.1125	0.1	0.1	0.0909090909090909	0.0833333333333333	0.0846153846153846	0.0785714285714286	0.08	0.08125	

MAP:	0.128367300187676

NDCG:	0.2	0.15	0.161990623328407	0.161990623328407	0.161990623328407	0.164741506804366	0.166837237821619	0.161319816406019	0.156782084241831	0.159450538815031	0.156171072165996	0.156171072165996	0.169682979887362	0.169682979887362	0.174300194373571	0.186800194373571	