precision:	0.1	0.15	0.166666666666667	0.125	0.1	0.0833333333333333	0.0857142857142857	0.075	0.0666666666666667	0.06	0.0727272727272727	0.0833333333333333	0.0923076923076923	0.0857142857142857	0.08	0.075	

MAP:	0.0991645127974986

NDCG:	0.1	0.15	0.161990623328407	0.148261176047267	0.139525477816008	0.135038980106459	0.13989589828073	0.136578204178796	0.13384960940539	0.131551357810284	0.142909936622272	0.155773717130831	0.168236066001051	0.168236066001051	0.168236066001051	0.168236066001051	