precision:	0	0	0.0666666666666667	0.1	0.12	0.133333333333333	0.128571428571429	0.125	0.122222222222222	0.11	0.1	0.0916666666666667	0.0846153846153846	0.0785714285714286	0.0733333333333333	0.06875	

MAP:	0.0863725697152378

NDCG:	0	0	0.0479624933136263	0.0791071463446501	0.0989236972097414	0.118398271078855	0.124959857676257	0.132359277653578	0.137605275052258	0.136294894388081	0.135170539767536	0.135170539767536	0.135170539767536	0.135170539767536	0.135170539767536	0.135170539767536	