precision:	0.2	0.2	0.166666666666667	0.125	0.1	0.1	0.0857142857142857	0.075	0.0666666666666667	0.08	0.0818181818181818	0.075	0.0692307692307692	0.0642857142857143	0.06	0.06875	

MAP:	0.11779678002498

NDCG:	0.2	0.2	0.176018753343187	0.160049056181197	0.149887943909519	0.155199010150545	0.150970280651791	0.147601421081055	0.14483074592698	0.153955050895985	0.156569612377666	0.156569612377666	0.156569612377666	0.156569612377666	0.156569612377666	0.166469605180374	