precision:	0.1	0.2	0.2	0.15	0.12	0.1	0.1	0.1	0.0888888888888889	0.08	0.0727272727272727	0.075	0.0692307692307692	0.0714285714285714	0.0666666666666667	0.06875	

MAP:	0.11120546983222

NDCG:	0.1	0.2	0.2	0.171890338142783	0.154004874996374	0.151253991520415	0.157433168748955	0.164527938484966	0.16403882017153	0.163626843664425	0.163273352727034	0.16830519109367	0.16830519109367	0.173043113410702	0.173043113410702	0.1825454575786	