precision:	0	0.05	0.133333333333333	0.15	0.12	0.1	0.114285714285714	0.1	0.0888888888888889	0.09	0.0909090909090909	0.0833333333333333	0.0769230769230769	0.0785714285714286	0.0733333333333333	0.06875	

MAP:	0.0873346330891248

NDCG:	0	0.05	0.109953116642033	0.128163063684873	0.115565190016249	0.113829575782658	0.130783532135601	0.129135423070317	0.128646304756881	0.133963328346544	0.138525529395457	0.138525529395457	0.138525529395457	0.148508674505305	0.148508674505305	0.148508674505305	