precision:	0.2	0.2	0.2	0.15	0.12	0.1	0.1	0.0875	0.0777777777777778	0.08	0.0727272727272727	0.075	0.0692307692307692	0.0642857142857143	0.06	0.06875	

MAP:	0.114084108921202

NDCG:	0.2	0.2	0.2	0.171890338142783	0.154004874996374	0.151253991520415	0.157433168748955	0.155168865522761	0.154679747209325	0.162719855781914	0.162366364844524	0.167398203211159	0.167398203211159	0.167398203211159	0.167398203211159	0.181410285342577	