precision:	0	0.05	0.1	0.1	0.12	0.116666666666667	0.114285714285714	0.1125	0.1	0.09	0.0818181818181818	0.075	0.0692307692307692	0.0642857142857143	0.0666666666666667	0.06875	

MAP:	0.0891834376154984

NDCG:	0	0.05	0.0859718699852197	0.0981118346804468	0.117928385545538	0.125869781230486	0.133646247116477	0.139060811555991	0.137145379888155	0.135532042529004	0.134147739964223	0.134147739964223	0.134147739964223	0.134147739964223	0.138764954450432	0.143274692413952	