precision:	0.1	0.1	0.2	0.15	0.12	0.1	0.1	0.1	0.0888888888888889	0.08	0.0727272727272727	0.0833333333333333	0.0769230769230769	0.0714285714285714	0.0666666666666667	0.06875	

MAP:	0.108463702037893

NDCG:	0.1	0.1	0.171943739970439	0.148314577874924	0.133279942809353	0.131544328575762	0.138496977767287	0.146207941664208	0.145718823350772	0.145306846843667	0.144953355906277	0.155017032639547	0.155017032639547	0.155017032639547	0.155017032639547	0.164519376807446	