precision:	0	0.05	0.1	0.1	0.12	0.1	0.114285714285714	0.1	0.111111111111111	0.1	0.0909090909090909	0.0833333333333333	0.0769230769230769	0.0785714285714286	0.0733333333333333	0.06875	

MAP:	0.0867454246874399

NDCG:	0	0.05	0.0859718699852197	0.0920418523328332	0.107996227760559	0.106811486733472	0.124185119919524	0.122871350592985	0.135119373153778	0.133977685833664	0.132998076283034	0.132998076283034	0.132998076283034	0.142981221392882	0.142981221392882	0.142981221392882	