precision:	0	0.1	0.133333333333333	0.1	0.1	0.1	0.114285714285714	0.1125	0.1	0.09	0.0818181818181818	0.075	0.0692307692307692	0.0714285714285714	0.0733333333333333	0.06875	

MAP:	0.095476178310447

NDCG:	0	0.1	0.123981246656813	0.116321781723287	0.123540458919754	0.131481854604702	0.147533228736486	0.154525141496412	0.152578301083371	0.150938508642112	0.149531506647603	0.149531506647603	0.149531506647603	0.154269428964635	0.158886643450844	0.158886643450844	